0	5E-10	5E-10
5	5.0011002368E-10	5.0048604957E-10
10	5.0071995191E-10	5.0246149455E-10
15	5.0156133829E-10	5.0532131353E-10
20	5.0245063033E-10	5.0854007709E-10
25	5.033054074E-10	5.1191860756E-10
30	5.0425947554E-10	5.1569174535E-10
35	5.0544691774E-10	5.1987572179E-10
40	5.066707924E-10	5.2434573616E-10
45	5.0792702E-10	5.2910383132E-10
50	5.0921145168E-10	5.3411689668E-10
55	5.1051983693E-10	5.3949403806E-10
60	5.1195517392E-10	5.4511398725E-10
65	5.1344349E-10	5.5093147568E-10
70	5.1493669589E-10	5.5695666868E-10
75	5.1643459767E-10	5.6320716512E-10
80	5.1793443374E-10	5.6980841742E-10
85	5.1945312336E-10	5.7666331612E-10
90	5.2112593814E-10	5.8369521564E-10
95	5.2282967852E-10	5.9110230029E-10
100	5.245457509E-10	5.9877780776E-10
105	5.2627211723E-10	6.066677821E-10
110	5.282396172E-10	6.1476890926E-10
115	5.3026301493E-10	6.2305320849E-10
120	5.323002375E-10	6.3151591733E-10
125	5.3435037505E-10	6.4015116573E-10
130	5.364124677E-10	6.4896803031E-10
135	5.3848551409E-10	6.5797365257E-10
140	5.4056848058E-10	6.6716742591E-10
145	5.4266022784E-10	6.7656417079E-10
150	5.4475655536E-10	6.861481468E-10
155	5.4685144547E-10	6.9596399299E-10
160	5.4894482164E-10	7.0610159904E-10
165	5.5103708714E-10	7.1647136975E-10
170	5.5312798785E-10	7.2704336163E-10
175	5.5521713531E-10	7.3781328179E-10
180	5.5734329025E-10	7.4878243813E-10
185	5.5952569675E-10	7.6001920171E-10
190	5.6172954019E-10	7.7149310995E-10
195	5.640765739E-10	7.8321950766E-10
200	5.6645819561E-10	7.9511719094E-10
205	5.6884802867E-10	8.0712705154E-10
210	5.7124580623E-10	8.1922519061E-10
215	5.736512802E-10	8.3141614999E-10
220	5.7606420089E-10	8.4379039803E-10
225	5.784843136E-10	8.5629703111E-10
230	5.8097757368E-10	8.6894491142E-10
235	5.8350253438E-10	8.8176138822E-10
240	5.860326243E-10	8.9475060778E-10
245	5.8856770658E-10	9.0791088585E-10
250	5.91107619E-10	9.2120614982E-10
255	5.936622436E-10	9.3467151044E-10
260	5.9625710956E-10	9.4828991438E-10
265	5.9889403558E-10	9.6202178253E-10
270	6.0159024414E-10	9.7584472996E-10
275	6.0435855157E-10	9.8976420173E-10
280	6.0715941225E-10	1.0038194427E-9
285	6.0996664705E-10	1.0180790026E-9
290	6.1277957513E-10	1.0324618817E-9
295	6.15597709E-10	1.0469270339E-9
300	6.1845040472E-10	1.0615059022E-9
305	6.2137232116E-10	1.076188572E-9
310	6.2430005007E-10	1.0909694074E-9
315	6.2723345374E-10	1.1058992731E-9
320	6.3017242578E-10	1.1209475408E-9
325	6.3324198222E-10	1.1360959417E-9
330	6.3638183469E-10	1.1513963653E-9
335	6.3952936185E-10	1.1668747384E-9
340	6.426846744E-10	1.1825095794E-9
345	6.4584770441E-10	1.1982447714E-9
350	6.4901837695E-10	1.2141115084E-9
355	6.5219661876E-10	1.2300784419E-9
360	6.5538236116E-10	1.2461606841E-9
365	6.5857554179E-10	1.2623746242E-9
370	6.617954148E-10	1.2787548883E-9
375	6.6508794434E-10	1.2952688115E-9
380	6.6839723596E-10	1.3118930756E-9
385	6.7171473927E-10	1.3286316151E-9
390	6.7504040128E-10	1.3454672711E-9
395	6.7837418274E-10	1.3623712606E-9
